188.020
198.196
184.478
182.668
190.084
184.873
185.239
183.410
188.826
197.383
190.516
186.094
186.042
191.626
188.589
192.092
184.895
196.194
187.135
185.723
193.750
190.097
184.365
186.496
185.297
196.733
202.802
193.407
195.558
185.394
188.048
186.091
193.058
191.625
187.002
182.877
186.541
186.748
192.358
183.039
197.207
186.053
186.982
192.151
183.497
182.410
186.921
193.311
188.678
190.887
195.437
188.163
189.577
194.397
187.001
192.193
180.864
187.775
194.123
182.969
186.037
189.811
186.609
189.378
178.530
196.256
179.828
193.836
185.563
190.015
183.546
191.589
